JDK8共424个Deprecated api，其中243个在文档中提供了replaced api，占比57.3%，181个文档中未提供replaced api，占比42.7%。

class1:replaced api调用deprecated api，参数一致。
猜想：变更方法名
18,26,312,315,316,317,318,319,320,321,322,323,324,325,326,327,328,335,336,338,339,340,341,342,346,347,348,349,350,351,352,353,355,358,362,
365,367,368,369,370,371,372,373,374,375,376,377,378,393,394,395,396,397,398,399,403,404,406,407,411,412,413,414,415,417,419,420,421,422

class2:deprecated api调用replaced api，参数一致
1,10,20,27,28,35(参数具有继承关系),50,51,52,86(虽然不是直接调用，但是做了重复工作),104,105,106,107,173,174,357,408

class3:代码中看不出什么关联
4,5,6,12,21,29,45,175,187,188,189,190,191,192,193,194,195,196,197,198,211,251,284,287,291,332,344,345,379,381,382,383,384,385,386,387,388,
389,391,392,416

class3.1:看不出关联但是语义相同，用了另一套机制实现，例如Date，Calendar
269,270,271,272,273,274,275,276,277,278,279,280,281,282,285

class4:抽象/接口方法
60,61,64,65,66,69,70,71,72,94,95,212,213,214,215,222,223,293,305,306,400,401,402

class5:deprecated api与replaced api结构相似，参数一致
7,8,150,165,329,359

class6.1:replaced api调用deprecated api，参数不一致
16,17,19,42,43,129,313,314,330,331,356,360,361,363,364,366,405,418

class6.2:replaced api与deprecated api有类似的结构，参数不一致
48,49,73,74,75,76,77,78,79,80,81,82,83,84,85,87,88,176,210,224,262,263,264,265

class6.3:deprecated api调用了replaced api，参数不一致
11,15,23,24,30,32,44,48,49,127,250,283(Rapi的参数就是Dapi对象本身),296,307,310,311,333,334,424

class7:参数和返回值都不同，但语义相同
31

面向Deprecated API替换技术的分析与实现